VERSION_5_0 3-Map
P	0	1	0	23.0431	23.2733	80.6385	-0.125935	0.967044	0.221285	0.756	0.675	-19	-10000	0	-1	1	A	0	18054	0	-10000	-1	0	0	-10000
P	0	2	0	22.2306	27.0444	81.3855	-0.287054	0.94495	0.157066	1.029	0.591	72	-10000	0	-1	1	A	0	18054	0	-10000	-1	0	0	-10000
P	0	10	0	25.1888	18.6794	82.6494	-0.0905067	0.99566	-0.021679	0.639	0.57	63	-10000	0	-1	1	A	0	18054	0	-10000	-1	0	0	-10000
P	0	11	0	24.5613	22.5791	82.4953	-0.226715	0.972336	-0.0562412	0.828	0.432	71	-10000	0	-1	1	A	0	18054	0	-10000	-1	0	0	-10000
P	0	23	0	22.8932	23.1362	80.3982	-0.109185	0.971909	0.2085	0.777	0.642	67	-10000	0	7	1	A	0	18054	0	-10000	-1	0	0	-10000
P	0	24	0	22.138	26.9252	81.0991	-0.275013	0.950183	0.146698	1.02	0.585	72	-10000	0	-1	1	A	0	18054	0	-10000	-1	0	0	-10000
P	0	36	0	24.0842	37.9074	88.1566	-0.433941	-0.623081	-0.650742	0.639	0.162	-9	-10000	0	-1	1	A	0	18054	0	-10000	-1	0	0	-10000
P	0	37	0	23.8419	23.8613	82.2276	-0.280552	0.959757	-0.0125515	0.774	0.42	71	-10000	0	-1	1	A	0	18054	0	-10000	-1	0	0	-10000
P	0	44	0	24.1825	20.0023	82.6393	-0.104392	0.994	0.0326408	0.684	0.564	63	-10000	0	-1	1	A	0	18054	0	-10000	-1	0	0	-10000
P	0	47	0	23.241	40.3179	88.1278	-0.544472	-0.563699	-0.621123	0.615	0.363	-3	-10000	0	-1	1	A	0	18054	0	-10000	-1	0	0	-10000
P	0	50	0	23.1513	26.6173	81.3088	-0.251208	0.95556	0.154269	0.975	0.546	72	-10000	0	-1	1	A	0	18054	0	-10000	-1	0	0	-10000
P	0	58	0	23.4067	22.2652	80.9286	-0.0890085	0.980506	0.175171	0.783	0.567	68	-10000	0	-1	1	A	0	18054	0	-10000	-1	0	0	-10000
P	0	60	0	26.2807	42.3635	90.007	-0.533213	-0.625121	-0.570006	0.528	0.231	-2	-10000	0	-1	1	A	0	18054	0	-10000	-1	0	0	-10000
P	0	62	0	21.0774	26.492	77.1609	-0.267598	0.857382	0.439645	0.918	0.765	70	-10000	0	-1	1	A	0	18054	0	-10000	-1	0	0	-10000
P	0	66	0	25.2461	20.0882	82.3145	-0.088501	0.996074	0.00214928	0.63	0.597	63	-10000	0	-1	1	A	0	18054	0	-10000	-1	0	0	-10000
P	0	76	0	28.6232	27.4056	87.2904	0.472505	0.879306	-0.059672	1.473	1.38	17	-10000	0	-1	1	A	0	18054	0	-10000	-1	0	0	-10000
P	0	77	0	29.9745	30.9834	86.9929	0.221906	0.970473	-0.0945525	1.14	0.765	20	-10000	0	-1	1	A	0	18054	0	-10000	-1	0	0	-10000
P	0	78	0	30.3157	34.8075	86.5693	-0.0411517	0.991643	-0.122274	0.615	0.204	22	-10000	0	-1	1	A	0	18054	0	-10000	-1	0	0	-10000
P	0	79	0	27.1683	27.4682	83.3809	0.496801	0.867555	0.0231613	0.816	0.387	15	-10000	0	-1	1	A	0	18054	0	-10000	-1	0	0	-10000
P	0	80	0	28.7361	31.0129	83.6318	0.303356	0.946954	0.106081	0.858	0.36	18	-10000	0	-1	1	A	0	18054	0	-10000	-1	0	0	-10000
P	0	81	0	29.5153	34.7945	84.2016	0.0965635	0.97837	0.182941	0.645	0.225	18	-10000	0	-1	1	A	0	18054	0	-10000	-1	0	0	-10000
P	0	82	0	26.7464	36.5819	82.7984	0.533721	0.732782	0.422104	0.474	0.111	18	-10000	0	-1	1	A	0	18054	0	-10000	-1	0	0	-10000
P	0	86	0	19.5208	43.431	87.008	0.917198	0.397933	-0.0199342	0.426	0.219	17	-10000	0	-1	1	A	0	18054	0	-10000	-1	0	0	-10000
P	0	89	0	30.6199	31.6254	90.1656	0.566377	0.758077	-0.32332	0.909	0.483	22	-10000	0	-1	1	A	0	18054	0	-10000	-1	0	0	-10000
P	0	90	0	32.6395	34.8069	89.0095	0.45453	0.851608	-0.261085	0.657	0.285	25	-10000	0	-1	1	A	0	18054	0	-10000	-1	0	0	-10000
P	0	91	0	34.1961	38.3257	88.1114	0.331861	0.923452	-0.192623	0.636	0.186	25	-10000	0	-1	1	A	0	18054	0	-10000	-1	0	0	-10000
P	0	92	0	31.5639	31.2226	84.1472	0.595967	0.802905	-0.012927	0.834	0.414	18	-10000	0	-1	1	A	0	18054	0	-10000	-1	0	0	-10000
P	0	93	0	33.5359	34.5363	84.3569	0.415305	0.90141	0.122397	0.606	0.222	18	-10000	0	-1	1	A	0	18054	0	-10000	-1	0	0	-10000
P	0	95	0	27.5213	33.714	82.4969	0.643172	0.74853	0.161346	0.522	0.147	17	-10000	0	-1	1	A	0	18054	0	-10000	-1	0	0	-10000
P	0	96	0	30.0222	36.7056	83.3037	0.611715	0.752625	0.243638	0.717	0.141	18	-10000	0	-1	1	A	0	18054	0	-10000	-1	0	0	-10000
P	0	97	0	32.3898	39.704	84.4359	0.575557	0.750874	0.323919	0.57	0.195	18	-10000	0	-1	1	A	0	18054	0	-10000	-1	0	0	-10000
P	0	104	0	29.8536	35.0784	91.2913	0.674306	0.65457	-0.341831	1.125	0.447	25	-10000	0	-1	1	A	0	18054	0	-10000	-1	0	0	-10000
P	0	105	0	32.434	37.793	89.9254	0.619262	0.706348	-0.34291	0.702	0.249	26	-10000	0	-1	1	A	0	18054	0	-10000	-1	0	0	-10000
P	0	106	0	34.7889	40.7078	88.5584	0.560745	0.754042	-0.342032	0.69	0.102	26	-10000	0	-1	1	A	0	18054	0	-10000	-1	0	0	-10000
P	0	107	0	32.2796	33.2686	83.8817	0.714759	0.699349	0.0055673	0.753	0.294	18	-10000	0	-1	1	A	0	18054	0	-10000	-1	0	0	-10000
P	0	108	0	34.6629	36.2523	84.1349	0.515633	0.847287	0.127382	0.681	0.198	18	-10000	0	-1	1	A	0	18054	0	-10000	-1	0	0	-10000
P	0	110	0	28.7471	35.4751	82.8884	0.720922	0.68803	0.0829901	0.564	0.117	18	-10000	0	-1	1	A	0	18054	0	-10000	-1	0	0	-10000
P	0	111	0	31.5083	38.2779	83.4102	0.668025	0.722104	0.179747	0.549	0.108	18	-10000	0	-1	1	A	0	18054	0	-10000	-1	0	0	-10000
P	0	118	0	28.6785	35.068	90.2539	0.670592	0.684909	-0.284967	1.716	1.146	23	-10000	0	-1	1	A	0	18054	0	-10000	-1	0	0	-10000
P	0	119	0	31.1456	37.954	89.126	0.5722	0.769612	-0.283345	1.245	0.459	25	-10000	0	-1	1	A	0	18054	0	-10000	-1	0	0	-10000
P	0	120	0	33.2052	41.1565	88.0123	0.464515	0.841137	-0.276974	0.765	0.246	25	-10000	0	-1	1	A	0	18054	0	-10000	-1	0	0	-10000
P	0	121	0	31.4749	33.5168	83.3051	0.577105	0.815126	0.0501928	0.975	0.522	19	-10000	0	-1	1	A	0	18054	0	-10000	-1	0	0	-10000
P	0	122	0	33.3808	36.8726	83.7108	0.396828	0.904068	0.158706	0.735	0.384	21	-10000	0	-1	1	A	0	18054	0	-10000	-1	0	0	-10000
P	0	123	0	32.8393	41.5952	83.9104	0.43893	0.844939	0.305644	0.513	0.096	21	-10000	0	-1	1	A	0	18054	0	-10000	-1	0	0	-10000
P	0	124	0	22.3049	44.5823	87.3303	0.897434	0.43691	-0.0610031	0.459	0.156	20	-10000	0	-1	1	A	0	18054	0	-10000	-1	0	0	-10000
P	0	125	0	25.9517	45.8757	87.032	0.970448	0.223047	-0.0920951	0.408	0.093	20	-10000	0	-1	1	A	0	18054	0	-10000	-1	0	0	-10000
P	0	127	0	23.0044	41.0092	89.7283	-0.347646	-0.766891	-0.539463	0.405	0.129	21	-10000	0	-1	1	A	0	18054	0	-10000	-1	0	0	-10000
P	0	128	0	29.7391	32.5008	88.937	-0.83791	-0.162311	-0.521116	0.936	0.903	21	-10000	0	-1	1	A	0	18054	0	-10000	-1	0	0	-10000
P	0	129	0	26.386	31.9148	86.8409	-0.83945	-0.130807	-0.527459	0.828	0.417	18	-10000	0	-1	1	A	0	18054	0	-10000	-1	0	0	-10000
P	0	132	0	21.2429	26.9719	79.3429	-0.497408	0.768169	0.403114	0.831	0.615	71	-10000	0	-1	1	A	0	18054	0	-10000	-1	0	0	-10000
P	0	145	0	23.1473	22.8099	71.4263	0.862561	-0.478212	-0.165234	0.417	0.132	-10	-10000	0	-1	1	A	0	18054	0	-10000	-1	0	0	-10000
P	0	146	0	23.1602	20.7841	79.3648	-0.341809	0.895572	0.284812	0.687	0.879	65	-10000	0	-1	1	A	0	18054	0	-10000	-1	0	0	-10000
P	0	147	0	21.5597	24.2476	80.4059	-0.466119	0.851492	0.240198	1.266	0.564	75	-10000	0	-1	1	A	0	18054	0	-10000	-1	0	0	-10000
P	0	149	0	20.477	25.8347	75.8168	-0.471323	0.619777	0.62748	0.549	0.429	17	-10000	0	-1	1	A	0	18054	0	-10000	-1	0	0	-10000
P	0	150	0	24.2582	41.8531	90.1086	-0.481228	-0.71884	-0.501686	0.576	0.291	-3	-10000	0	-1	1	A	0	18054	0	-10000	-1	0	0	-10000
P	0	154	0	21.5366	38.0249	84.4765	-0.447092	-0.811889	-0.375427	0.489	0.177	-3	-10000	0	-1	1	A	0	18054	0	-10000	-1	0	0	-10000
P	0	155	0	26.8284	18.4232	75.4659	-0.641865	0.765662	-0.0420899	0.555	0.264	71	-10000	0	-1	1	A	0	18054	0	-10000	-1	0	0	-10000
P	0	157	0	-20.8529	7.35354	70.8375	-0.231687	0.183016	-0.955419	0.705	0.354	-10	-10000	0	-1	1	A	0	18054	0	-10000	-1	0	0	-10000
P	0	167	0	-22.1487	14.658	62.4936	-0.648072	-0.159303	-0.744732	0.339	0.354	17	-10000	0	-1	1	A	0	18054	0	-10000	-1	0	0	-10000
P	0	172	0	-10.1897	4.6971	63.7227	-0.751377	0.0717957	-0.655956	0.354	0.21	25	-10000	0	-1	1	A	0	18054	0	-10000	-1	0	0	-10000
P	0	179	0	-22.9824	15.0023	63.0211	-0.572743	-0.364814	-0.734082	0.39	0.438	38	-10000	0	-1	1	A	0	18054	0	-10000	-1	0	0	-10000
P	0	181	0	-22.8515	15.5573	62.0673	-0.57877	-0.293841	-0.760713	0.243	0.285	17	-10000	0	-1	1	A	0	18054	0	-10000	-1	0	0	-10000
P	0	188	0	-5.92761	19.9435	89.6302	0.0316995	0.298712	-0.953817	2.322	1.689	-52	-10000	0	-1	1	A	0	18054	0	0.509268	-1	0	0	-10000
P	0	189	0	-5.87385	20.7068	85.7951	-0.0038744	0.0922885	-0.995725	0.735	0.429	-51	-10000	0	-1	1	A	0	18054	0	0.155436	-1	0	0	-10000
P	0	191	0	0.418141	15.7002	69.5907	-0.418406	0.520842	0.744084	0.489	0.663	4	-10000	0	-1	1	A	0	18054	0	-10000	-1	0	0	-10000
P	0	192	0	-11.0577	16.4866	73.4858	0.472221	0.560549	0.680288	0.738	1.182	-1	-10000	0	-1	1	A	0	18054	0	-10000	-1	0	0	-10000
P	0	193	0	-9.10194	18.5657	76.2641	0.508615	0.482416	0.713151	1.02	1.062	-17	-10000	0	-1	1	A	0	18054	0	-10000	-1	0	0	-10000
P	0	194	0	-5.85526	19.5634	92.2811	0.025275	0.257573	-0.965928	2.253	1.632	-56	-10000	0	-1	1	A	0	18054	0	0.440156	-1	0	0	-10000
P	0	195	0	-5.90649	20.255	88.4079	-0.0504533	0.0941103	-0.994282	0.831	0.54	-55	-10000	0	-1	1	A	0	18054	0	0.168459	-1	0	0	-10000
P	0	197	0	0.916053	16.6663	70.0095	-0.467811	0.410361	0.782788	0.426	0.561	4	-10000	0	-1	1	A	0	18054	0	-10000	-1	0	0	-10000
P	0	198	0	-6.44165	20.6118	84.0938	-0.0160432	-0.0581099	-0.998181	0.576	0.468	-51	-10000	0	-1	1	A	0	18054	0	0.0876923	-1	0	0	-10000
P	0	199	0	-11.4622	15.299	71.859	0.481964	0.548039	0.68364	0.504	1.005	2	-10000	0	-1	1	A	0	18054	0	-10000	-1	0	0	-10000
P	0	200	0	-9.54613	17.4571	74.627	0.476263	0.531271	0.70066	0.879	0.864	-14	-10000	0	-1	1	A	0	18054	0	-10000	-1	0	0	-10000
P	0	225	0	-9.34742	19.9718	75.5338	-0.981599	-0.0523781	0.183632	1.365	1.242	-8	-10000	0	-1	1	A	0	18054	0	-10000	-1	0	0	-10000
P	0	227	0	-23.9811	17.4748	76.8819	0.934066	0.354268	0.0448885	0.51	0.561	7	-10000	0	-1	1	A	0	18054	0	-10000	-1	0	0	-10000
P	0	231	0	-18.7847	22.332	79.6702	-0.903365	0.372049	0.213332	0.525	0.63	-17	-10000	0	-1	1	A	0	18054	0	-10000	-1	0	0	-10000
P	0	232	0	-22.4235	23.7347	80.5414	-0.917407	0.329853	0.222624	0.753	0.675	19	-10000	0	-1	1	A	0	18054	0	-10000	-1	0	0	-10000
P	0	235	0	-24.8356	21.5436	78.786	-0.544243	0.665008	0.511433	0.735	0.654	11	-10000	0	-1	1	A	0	18054	0	-10000	-1	0	0	-10000
P	0	240	0	-17.7995	22.5688	80.205	-0.851357	0.434751	0.293568	0.489	0.297	-19	-10000	0	-1	1	A	0	18054	0	-10000	-1	0	0	-10000
P	0	241	0	-21.2417	24.2326	81.3692	-0.870823	0.397712	0.288949	0.564	0.225	21	-10000	0	-1	1	A	0	18054	0	-10000	-1	0	0	-10000
P	0	242	0	-19.8126	17.1762	75.2388	-0.549793	0.724003	0.416591	0.474	0.252	-3	-10000	0	-1	1	A	0	18054	0	-10000	-1	0	0	-10000
P	0	244	0	-23.8595	22.6124	79.3539	-0.46428	0.638134	0.614189	1.098	1.128	13	-10000	0	-1	1	A	0	18054	0	-10000	-1	0	0	-10000
P	0	252	0	-21.7981	19.6413	79.4203	-0.441796	0.647141	0.621309	0.402	0.474	9	-10000	0	-1	1	A	0	18054	0	-10000	-1	0	0	-10000
P	0	253	0	-23.466	22.1221	82.0475	-0.395455	0.5981	0.69706	0.51	0.249	12	-10000	0	-1	1	A	0	18054	0	-10000	-1	0	0	-10000
P	0	261	0	-28.8868	23.5285	95.3385	0.321967	0.865388	-0.38398	0.582	0.303	60	-10000	0	-1	1	A	0	18054	0	-10000	-1	0	0	-10000
P	0	266	0	-12.7736	20.3996	80.5947	-0.963983	0.170745	0.20392	1.182	1.437	-26	-10000	0	-1	1	A	0	18054	0	-10000	-1	0	0	-10000
P	0	267	0	-16.6397	21.0756	81.36	-0.969548	0.167353	0.178803	0.774	0.603	-23	-10000	0	-1	1	A	0	18054	0	-10000	-1	0	0	-10000
P	0	269	0	-17.633	16.8252	75.5303	-0.467648	0.546034	0.695091	0.456	0.279	-2	-10000	0	-1	1	A	0	18054	0	-10000	-1	0	0	-10000
P	0	270	0	-19.5475	18.9481	78.3241	-0.490115	0.515975	0.702536	0.528	0.339	-10	-10000	0	-1	1	A	0	18054	0	-10000	-1	0	0	-10000
P	0	273	0	-25.5436	14.5664	76.247	0.954835	0.234995	-0.181844	0.582	0.501	5	-10000	0	-1	1	A	0	18054	0	-10000	-1	0	0	-10000
P	0	277	0	-19.6702	19.1604	76.6419	-0.990649	-0.0294912	0.133212	0.765	0.666	-9	-10000	0	-1	1	A	0	18054	0	-10000	-1	0	0	-10000
P	0	278	0	-23.6189	18.9412	77.2033	-0.985766	-0.080198	0.147764	0.465	0.519	14	-10000	0	-1	1	A	0	18054	0	-10000	-1	0	0	-10000
P	0	280	0	-24.98	15.5329	76.0673	-0.811495	0.486086	0.32434	1.083	0.561	-8	-10000	0	-1	1	A	0	18054	0	-10000	-1	0	0	-10000
P	0	287	0	-12.0506	18.058	74.7074	-0.991828	-0.0264602	0.12481	0.942	0.594	-17	-10000	0	-1	1	A	0	18054	0	-10000	-1	0	0	-10000
P	0	288	0	-16.01	17.8793	75.2225	-0.989125	-0.0629546	0.132923	1.095	0.714	-17	-10000	0	-1	1	A	0	18054	0	-10000	-1	0	0	-10000
P	0	303	0	-21.2238	12.0086	73.1566	-0.611729	0.600867	0.514536	1.416	0.804	-22	-10000	0	-1	1	A	0	18054	0	-10000	-1	0	0	-10000
P	0	306	0	-13.3114	19.4859	77.8614	-0.960789	0.0152976	0.276859	1.338	1.41	-21	-10000	0	-1	1	A	0	18054	0	-10000	-1	0	0	-10000
P	0	308	0	-18.4009	14.1806	73.7989	-0.43922	0.579433	0.686544	0.513	0.285	2	-10000	0	-1	1	A	0	18054	0	-10000	-1	0	0	-10000
P	0	312	0	-11.2444	17.6102	76.8732	-0.900683	-0.128767	0.414957	0.783	0.687	-22	-10000	0	-1	1	A	0	18054	0	-10000	-1	0	0	-10000
P	0	316	0	-18.513	21.234	78.3951	-0.946685	0.225299	0.230277	0.636	0.519	-12	-10000	0	-1	1	A	0	18054	0	-10000	-1	0	0	-10000
P	0	317	0	-22.4328	16.6437	75.8542	-0.597232	0.678178	0.428239	0.456	0.687	-4	-10000	0	-1	1	A	0	18054	0	-10000	-1	0	0	-10000
P	0	318	0	-24.7619	19.2748	77.7282	-0.571239	0.641803	0.511639	0.651	0.591	8	-10000	0	-1	1	A	0	18054	0	-10000	-1	0	0	-10000
P	0	324	0	-13.3243	18.3806	77.7638	-0.973286	-0.0125311	0.229252	1.023	1.011	-23	-10000	0	-1	1	A	0	18054	0	-10000	-1	0	0	-10000
P	0	325	0	-17.2203	18.2959	78.6629	-0.97497	-0.0298126	0.22033	0.537	0.447	-14	-10000	0	-1	1	A	0	18054	0	-10000	-1	0	0	-10000
P	0	327	0	-18.479	13.0384	72.9748	-0.424106	0.534455	0.731089	0.519	0.438	1	-10000	0	-1	1	A	0	18054	0	-10000	-1	0	0	-10000
P	0	331	0	-13.5881	19.1174	75.7162	-0.97865	-0.05566	0.197853	1.014	0.786	-18	-10000	0	-1	1	A	0	18054	0	-10000	-1	0	0	-10000
P	0	332	0	-17.5042	18.8593	76.4848	-0.979706	-0.0734102	0.186511	0.867	0.507	-10	-10000	0	-1	1	A	0	18054	0	-10000	-1	0	0	-10000
P	0	334	0	-20.2661	15.3473	73.8754	-0.535269	0.551936	0.639417	0.591	0.354	-3	-10000	0	-1	1	A	0	18054	0	-10000	-1	0	0	-10000
P	0	336	0	-20.435	14.9524	75.4444	-0.451513	0.487518	0.747304	0.564	0.156	-9	-10000	0	-1	1	A	0	18054	0	-10000	-1	0	0	-10000
P	0	345	0	-10.0415	18.6151	75.2731	-0.972248	-0.0693506	0.223435	1.224	0.879	-10	-10000	0	-1	1	A	0	18054	0	-10000	-1	0	0	-10000
P	0	347	0	-19.5654	12.6897	71.0313	-0.368148	0.507005	0.779367	0.468	0.513	4	-10000	0	-1	1	A	0	18054	0	-10000	-1	0	0	-10000
P	0	348	0	-21.1167	14.6835	74.1276	-0.407996	0.490647	0.769939	0.471	0.288	0	-10000	0	-1	1	A	0	18054	0	-10000	-1	0	0	-10000
P	0	350	0	-18.1578	12.2391	72.3737	-0.451064	0.523075	0.723142	0.438	0.453	4	-10000	0	-1	1	A	0	18054	0	-10000	-1	0	0	-10000
P	0	353	0	-14.4375	18.4818	76.356	-0.971835	-0.0713602	0.2246	0.867	0.69	-16	-10000	0	-1	1	A	0	18054	0	-10000	-1	0	0	-10000
P	0	354	0	-18.3214	18.1703	77.259	-0.97025	-0.0843943	0.226922	0.573	0.345	-7	-10000	0	-1	1	A	0	18054	0	-10000	-1	0	0	-10000
P	0	356	0	-28.9507	15.7729	77.9003	0.947196	0.295903	0.123532	0.447	0.372	-12	-10000	0	-1	1	A	0	18054	0	-10000	-1	0	0	-10000
P	0	358	0	-13.4354	18.0302	75.036	-0.974446	-0.0955851	0.20327	0.993	0.825	-17	-10000	0	-1	1	A	0	18054	0	-10000	-1	0	0	-10000
P	0	361	0	-17.7041	17.8903	75.7043	-0.974307	-0.116554	0.192719	0.693	0.351	-9	-10000	0	-1	1	A	0	18054	0	-10000	-1	0	0	-10000
P	0	362	0	-20.5248	14.243	72.9895	-0.516707	0.531453	0.671246	0.591	0.291	3	-10000	0	-1	1	A	0	18054	0	-10000	-1	0	0	-10000
P	0	363	0	-20.114	13.5892	73.6474	-0.526536	0.551396	0.647088	0.645	0.3	-4	-10000	0	-1	1	A	0	18054	0	-10000	-1	0	0	-10000
P	0	369	0	-28.2792	15.1362	76.486	0.965205	0.25931	0.0337375	0.369	0.363	10	-10000	0	-1	1	A	0	18054	0	-10000	-1	0	0	-10000
P	0	370	0	-8.82384	18.271	74.1841	-0.971535	-0.0785695	0.223486	1.056	0.969	-6	-10000	0	-1	1	A	0	18054	0	-10000	-1	0	0	-10000
P	0	373	0	-13.6621	22.0532	78.8513	-0.911642	0.286213	0.294942	1.098	1.35	-22	-10000	0	-1	1	A	0	18054	0	-10000	-1	0	0	-10000
P	0	374	0	-19.4967	21.4463	77.9791	-0.590287	0.543389	0.5969	0.369	0.741	-9	-10000	0	-1	1	A	0	18054	0	-10000	-1	0	0	-10000
P	0	377	0	-14.6029	20.4218	81.1885	-0.839009	0.402173	0.366498	0.594	0.333	-24	-10000	0	-1	1	A	0	18054	0	-10000	-1	0	0	-10000
P	0	378	0	-17.9951	21.9927	82.6044	-0.857895	0.38364	0.341813	0.627	0.222	-21	-10000	0	-1	1	A	0	18054	0	-10000	-1	0	0	-10000
P	0	379	0	-16.3478	16.2551	75.2468	-0.49007	0.592185	0.639647	0.492	0.249	-1	-10000	0	-1	1	A	0	18054	0	-10000	-1	0	0	-10000
P	0	380	0	-20.315	20.7928	80.4995	-0.501881	0.542424	0.673714	0.684	0.399	12	-10000	0	-1	1	A	0	18054	0	-10000	-1	0	0	-10000
P	0	385	0	-14.6786	22.0359	78.3956	-0.894425	0.309157	0.32315	0.861	1.071	-23	-10000	0	-1	1	A	0	18054	0	-10000	-1	0	0	-10000
P	0	386	0	-16.1702	16.691	73.1062	-0.520042	0.646915	0.557725	0.474	0.237	1	-10000	0	-1	1	A	0	18054	0	-10000	-1	0	0	-10000
P	0	387	0	-18.2929	19.1919	75.3834	-0.542741	0.605167	0.582413	0.462	0.366	1	-10000	0	-1	1	A	0	18054	0	-10000	-1	0	0	-10000
P	0	388	0	-20.5038	21.5231	77.7566	-0.563873	0.561707	0.605419	0.411	0.708	14	-10000	0	-1	1	A	0	18054	0	-10000	-1	0	0	-10000
P	0	393	0	-17.6592	18.9252	77.929	-0.532126	0.570398	0.62569	0.525	0.465	-10	-10000	0	-1	1	A	0	18054	0	-10000	-1	0	0	-10000
P	0	397	0	-21.6748	22.5861	81.0156	-0.465094	0.578823	0.669815	1.035	1.02	13	-10000	0	-1	1	A	0	18054	0	-10000	-1	0	0	-10000
P	0	401	0	-15.8553	22.1782	79.1242	-0.8635	0.390002	0.319791	0.669	0.414	-14	-10000	0	-1	1	A	0	18054	0	-10000	-1	0	0	-10000
P	0	402	0	-19.3398	23.6901	80.3715	-0.879418	0.366255	0.304107	0.567	0.198	-18	-10000	0	-1	1	A	0	18054	0	-10000	-1	0	0	-10000
P	0	403	0	-16.8018	17.171	74.3728	-0.571869	0.662955	0.483174	0.567	0.27	-1	-10000	0	-1	1	A	0	18054	0	-10000	-1	0	0	-10000
P	0	404	0	-21.3877	22.1652	78.5848	-0.575239	0.586321	0.570374	0.771	0.684	14	-10000	0	-1	1	A	0	18054	0	-10000	-1	0	0	-10000
P	0	407	0	-31.7626	23.2094	84.6107	0.968715	-0.14324	-0.202665	0.621	0.465	35	-10000	0	-1	1	A	0	18054	0	-10000	-1	0	0	-10000
P	0	408	0	25.206	37.2167	82.8693	-0.0458673	-0.884458	-0.46436	0.402	0.237	-3	-10000	0	-1	1	A	0	18054	0	-10000	-1	0	0	-10000
P	0	409	0	25.0019	33.6984	80.9796	-0.0561895	-0.875092	-0.480684	0.606	0.255	-3	-10000	0	-1	1	A	0	18054	0	-10000	-1	0	0	-10000
P	0	410	0	24.7566	30.2181	79.025	-0.0664849	-0.865323	-0.496785	0.681	0.258	-8	-10000	0	-1	1	A	0	18054	0	-10000	-1	0	0	-10000
P	0	411	0	25.2001	12.5388	77.853	0.165239	0.980176	-0.109321	0.507	0.381	48	-10000	0	-1	1	A	0	18054	0	-10000	-1	0	0	-10000
P	0	412	0	25.5727	16.452	77.4501	0.0222479	0.995325	-0.0939818	0.561	0.555	59	-10000	0	-1	1	A	0	18054	0	-10000	-1	0	0	-10000
P	0	413	0	25.3756	20.3918	77.1115	-0.120651	0.989724	-0.0767484	0.564	0.579	64	-10000	0	-1	1	A	0	18054	0	-10000	-1	0	0	-10000
P	0	423	0	24.6595	29.8417	80.3242	-0.0371777	-0.870614	-0.490559	0.588	0.177	-9	-10000	0	-1	1	A	0	18054	0	-10000	-1	0	0	-10000
P	0	424	0	25.4996	12.1843	79.8079	0.118005	0.985743	-0.119943	0.777	0.414	52	-10000	0	-1	1	A	0	18054	0	-10000	-1	0	0	-10000
P	0	425	0	25.7252	16.1106	79.3071	-0.00482112	0.991203	-0.132264	0.603	0.48	61	-10000	0	-1	1	A	0	18054	0	-10000	-1	0	0	-10000
P	0	426	0	25.4615	20.0341	78.7605	-0.127225	0.981578	-0.14254	0.693	0.6	71	-10000	0	-1	1	A	0	18054	0	-10000	-1	0	0	-10000
P	0	457	0	21.4831	26.5324	75.0933	0.457658	-0.749632	-0.478122	0.708	0.48	77	-10000	0	-1	1	A	0	18054	0	-10000	-1	0	0	-10000
P	0	467	0	14.0961	37.6253	85.0973	0.106955	-0.921005	-0.37458	0.375	0.111	15	-10000	0	-1	1	A	0	18054	0	-10000	-1	0	0	-10000
P	0	468	0	23.5427	26.6105	73.4274	-0.834479	0.536982	0.123671	1.284	1.008	70	-10000	0	-1	1	A	0	18054	0	-10000	-1	0	0	-10000
P	0	469	0	20.541	27.7742	74.4123	-0.882065	0.098397	0.460739	0.372	0.231	71	-10000	0	-1	1	A	0	18054	0	-10000	-1	0	0	-10000
P	0	472	0	20.3862	30.2785	90.2565	-0.723353	-0.582709	-0.370421	1.104	0.753	14	-10000	0	-1	1	A	0	18054	0	-10000	-1	0	0	-10000
P	0	473	0	17.4947	27.9804	88.7261	-0.722941	-0.566796	-0.395092	0.75	0.408	12	-10000	0	-1	1	A	0	18054	0	-10000	-1	0	0	-10000
P	0	474	0	14.606	25.7468	87.0976	-0.721907	-0.550398	-0.419419	0.981	0.474	11	-10000	0	-1	1	A	0	18054	0	-10000	-1	0	0	-10000
P	0	476	0	22.5587	16.35	82.713	-0.867626	0.456122	0.197935	0.603	0.357	58	-10000	0	-1	1	A	0	18054	0	-10000	-1	0	0	-10000
P	0	478	0	31.9099	34.6995	86.7349	-0.742907	-0.625106	-0.239442	0.627	0.441	-7	-10000	0	-1	1	A	0	18054	0	-10000	-1	0	0	-10000
P	0	479	0	27.0699	17.1234	77.1191	-0.379516	0.877414	0.29345	0.525	0.318	77	-10000	0	-1	1	A	0	18054	0	-10000	-1	0	0	-10000
P	0	480	0	23.9592	24.1345	79.3889	-0.398177	0.875423	0.274023	0.789	0.603	69	-10000	0	-1	1	A	0	18054	0	-10000	-1	0	0	-10000
P	0	484	0	31.1949	35.3546	86.264	-0.79237	-0.528866	-0.304057	0.999	1.185	-2	-10000	0	-1	1	A	0	18054	0	-10000	-1	0	0	-10000
P	0	486	0	24.7675	31.9473	83.1666	-0.819068	-0.32575	-0.472245	1.302	0.741	-8	-10000	0	-1	1	A	0	18054	0	-10000	-1	0	0	-10000
P	0	489	0	22.728	25.6982	78.6114	-0.390865	0.86673	0.309844	1.083	0.417	77	-10000	0	-1	1	A	0	18054	0	-10000	-1	0	0	-10000
P	0	497	0	22.8388	40.2808	85.3009	-0.180019	-0.88951	-0.419958	0.444	0.234	-3	-10000	0	-1	1	A	0	18054	0	-10000	-1	0	0	-10000
P	0	498	0	31.129	33.933	84.6532	-0.786552	-0.576363	-0.22168	0.873	0.9	-3	-10000	0	-1	1	A	0	18054	0	-10000	-1	0	0	-10000
P	0	499	0	27.9786	31.8497	83.5313	-0.807563	-0.477175	-0.346622	1.329	1.134	-6	-10000	0	-1	1	A	0	18054	0	-10000	-1	0	0	-10000
P	0	500	0	24.7784	30.1805	81.9274	-0.807716	-0.366196	-0.462056	1.305	0.585	-9	-10000	0	-1	1	A	0	18054	0	-10000	-1	0	0	-10000
P	0	503	0	9.1288	35.1893	76.5218	0.944584	-0.325005	0.0461849	0.585	0.519	30	-10000	0	-1	1	A	0	18054	0	-10000	-1	0	0	-10000
P	0	506	0	24.1133	27.1383	80.8291	-0.45157	-0.671583	-0.587418	1.464	0.933	-11	-10000	0	-1	1	A	0	18054	0	-10000	-1	0	0	-10000
P	0	507	0	29.084	13.2651	73.4409	-0.595889	0.700388	0.392904	0.651	0.282	72	-10000	0	-1	1	A	0	18054	0	-10000	-1	0	0	-10000
P	0	508	0	26.7646	16.158	74.903	-0.567071	0.750153	0.340148	0.51	0.39	73	-10000	0	-1	1	A	0	18054	0	-10000	-1	0	0	-10000
P	0	509	0	24.5658	19.2422	76.1511	-0.534838	0.795301	0.285384	0.423	0.597	58	-10000	0	-1	1	A	0	18054	0	-10000	-1	0	0	-10000
P	0	510	0	14.1582	27.0139	72.3285	0.839793	-0.289511	0.459272	0.345	0.351	41	-10000	0	-1	1	A	0	18054	0	-10000	-1	0	0	-10000
P	0	515	0	17.4779	26.8414	88.7836	-0.634193	-0.667274	-0.390569	0.717	0.63	14	-10000	0	-1	1	A	0	18054	0	-10000	-1	0	0	-10000
P	0	516	0	14.9525	24.1987	87.1641	-0.628985	-0.654541	-0.419469	1.131	0.726	11	-10000	0	-1	1	A	0	18054	0	-10000	-1	0	0	-10000
P	0	517	0	23.1678	13.9059	82.9212	-0.782338	0.575792	0.23751	0.627	0.612	68	-10000	0	-1	1	A	0	18054	0	-10000	-1	0	0	-10000
P	0	519	0	9.16082	32.0361	83.2408	0.114478	-0.990618	-0.0746347	0.435	0.093	-10	-10000	0	-1	1	A	0	18054	0	-10000	-1	0	0	-10000
P	0	521	0	13.1846	26.3834	85.1255	-0.538215	-0.728667	-0.423519	1.095	0.516	-14	-10000	0	-1	1	A	0	18054	0	-10000	-1	0	0	-10000
P	0	522	0	21.9056	15.7513	80.8366	-0.805229	0.545841	0.231655	0.54	0.459	54	-10000	0	-1	1	A	0	18054	0	-10000	-1	0	0	-10000
P	0	523	0	18.6276	17.8757	81.6238	-0.83877	0.519498	0.163055	0.567	0.303	70	-10000	0	-1	1	A	0	18054	0	-10000	-1	0	0	-10000
P	0	524	0	17.5324	32.1466	88.7554	-0.529609	-0.767542	-0.3611	1.149	0.759	-9	-10000	0	-1	1	A	0	18054	0	-10000	-1	0	0	-10000
P	0	525	0	27.6181	14.5794	77.1021	-0.211655	0.966475	0.145357	0.81	0.585	19	-10000	0	-1	1	A	0	18054	0	-10000	-1	0	0	-10000
P	0	526	0	25.45	40.5906	84.2828	0.0678213	-0.853734	-0.516274	0.435	0.18	-2	-10000	0	-1	1	A	0	18054	0	-10000	-1	0	0	-10000
P	0	529	0	29.0104	32.1455	80.3288	-0.617336	-0.640546	-0.456725	0.963	0.531	-6	-10000	0	-1	1	A	0	18054	0	-10000	-1	0	0	-10000
P	0	540	0	26.1975	31.0853	81.9758	-0.554598	-0.65408	-0.514394	0.717	0.207	18	-10000	0	-1	1	A	0	18054	0	-10000	-1	0	0	-10000
P	0	541	0	25.0439	22.5065	78.5943	-0.274609	0.956911	0.0943955	0.585	0.96	63	-10000	0	-1	1	A	0	18054	0	-10000	-1	0	0	-10000
P	0	543	0	25.5826	24.1687	75.1896	-0.469836	0.61354	0.634683	0.54	0.711	75	-10000	0	-1	1	A	0	18054	0	-10000	-1	0	0	-10000
P	0	547	0	17.8626	40.5126	85.1362	0.39399	-0.727925	-0.561156	0.435	0.066	20	-10000	0	-1	1	A	0	18054	0	-10000	-1	0	0	-10000
P	0	548	0	19.3012	37.5131	82.9463	0.327628	-0.777013	-0.537504	0.429	0.075	20	-10000	0	-1	1	A	0	18054	0	-10000	-1	0	0	-10000
P	0	550	0	29.4495	38.4617	85.1632	-0.542669	-0.718542	-0.434981	0.63	0.351	23	-10000	0	-1	1	A	0	18054	0	-10000	-1	0	0	-10000
P	0	552	0	25.9882	17.0153	76.0366	-0.234203	0.943974	0.23251	0.528	0.966	77	-10000	0	-1	1	A	0	18054	0	-10000	-1	0	0	-10000
P	0	554	0	24.1018	25.6539	74.9787	-0.417208	0.713567	0.562814	1.275	0.585	70	-10000	0	-1	1	A	0	18054	0	-10000	-1	0	0	-10000
P	0	559	0	17.3312	40.7424	85.9789	0.386624	-0.706429	-0.592857	0.45	0.063	-4	-10000	0	-1	1	A	0	18054	0	-10000	-1	0	0	-10000
P	0	560	0	25.3803	17.3581	76.8545	-0.229335	0.949666	0.213401	0.405	0.504	57	-10000	0	-1	1	A	0	18054	0	-10000	-1	0	0	-10000
P	0	561	0	24.4058	21.1515	77.6467	-0.258342	0.948557	0.183026	0.507	0.666	62	-10000	0	-1	1	A	0	18054	0	-10000	-1	0	0	-10000
P	0	565	0	18.7168	40.5119	85.8369	0.378094	-0.70509	-0.599912	0.468	0.081	-4	-10000	0	-1	1	A	0	18054	0	-10000	-1	0	0	-10000
P	0	566	0	18.0832	39.4908	84.9893	0.393701	-0.737158	-0.549179	0.399	0.063	-4	-10000	0	-1	1	A	0	18054	0	-10000	-1	0	0	-10000
P	0	567	0	19.5161	36.4555	82.8464	0.325152	-0.785888	-0.525982	0.42	0.084	-4	-10000	0	-1	1	A	0	18054	0	-10000	-1	0	0	-10000
P	0	568	0	25.1501	31.9722	81.3276	-0.561287	-0.66425	-0.493688	0.738	0.33	-8	-10000	0	-1	1	A	0	18054	0	-10000	-1	0	0	-10000
P	0	569	0	25.6074	15.6691	76.4414	-0.190628	0.960908	0.200788	0.465	0.504	57	-10000	0	-1	1	A	0	18054	0	-10000	-1	0	0	-10000
P	0	570	0	24.7882	19.5086	77.1873	-0.219267	0.960304	0.172448	0.471	0.573	62	-10000	0	-1	1	A	0	18054	0	-10000	-1	0	0	-10000
P	0	578	0	26.3993	14.976	77.5808	-0.189822	0.974211	0.121988	0.618	0.42	58	-10000	0	-1	1	A	0	18054	0	-10000	-1	0	0	-10000
P	0	588	0	24.4644	32.7677	80.751	-0.537863	-0.687434	-0.487993	0.822	0.435	-7	-10000	0	-1	1	A	0	18054	0	-10000	-1	0	0	-10000
P	0	595	0	22.8682	34.9453	82.0106	-0.480293	-0.706561	-0.519702	0.687	0.321	-7	-10000	0	-1	1	A	0	18054	0	-10000	-1	0	0	-10000
P	0	596	0	23.8934	18.3982	77.5352	-0.168502	0.972052	0.163467	0.48	0.618	59	-10000	0	-1	1	A	0	18054	0	-10000	-1	0	0	-10000
P	0	614	0	14.4414	36.2661	79.1505	-0.337342	-0.733045	-0.590632	0.435	0.099	-5	-10000	0	-1	1	A	0	18054	0	-10000	-1	0	0	-10000
P	0	616	0	14.4245	26.2708	73.9814	-0.905971	-0.0996619	-0.411441	0.459	0.123	-7	-10000	0	-1	1	A	0	18054	0	-10000	-1	0	0	-10000
P	0	629	0	9.39697	6.579	67.9023	-0.0888438	0.9959	0.01705	1.218	1.155	34	-10000	0	-1	1	A	0	18054	0	-10000	-1	0	0	-10000
P	0	630	0	9.02852	10.5522	68.072	-0.09561	0.993098	0.0679309	0.522	0.264	37	-10000	0	-1	1	A	0	18054	0	-10000	-1	0	0	-10000
P	0	633	0	1.75261	13.1371	67.956	0.619029	0.781197	0.08083	0.498	0.3	40	-10000	0	-1	1	A	0	18054	0	-10000	-1	0	0	-10000
P	0	644	0	7.29369	7.33324	68.0158	-0.189296	0.981905	0.00544699	1.797	2.007	35	-10000	0	-1	1	A	0	18054	0	-10000	-1	0	0	-10000
P	0	645	0	6.50834	11.2511	68.1111	-0.203596	0.978144	0.0422222	0.876	0.444	38	-10000	0	-1	1	A	0	18054	0	-10000	-1	0	0	-10000
P	0	646	0	-3.34628	6.76329	66.0791	0.629321	0.76669	0.127046	0.717	1.374	22	-10000	0	-1	1	A	0	18054	0	-10000	-1	0	0	-10000
P	0	647	0	-0.820869	9.81452	66.6292	0.633685	0.759288	0.148072	1.47	1.233	17	-10000	0	-1	1	A	0	18054	0	-10000	-1	0	0	-10000
P	0	655	0	6.59842	6.59811	68.0652	-0.175338	0.98305	-0.0535697	2.373	3.099	33	-10000	0	-1	1	A	0	18054	0	-10000	-1	0	0	-10000
P	0	657	0	-2.04462	9.55788	66.3753	0.699883	0.702128	0.131077	1.23	1.146	18	-10000	0	-1	1	A	0	18054	0	-10000	-1	0	0	-10000
P	0	658	0	0.751086	12.3593	66.9471	0.698267	0.698875	0.154912	1.119	0.879	14	-10000	0	-1	1	A	0	18054	0	-10000	-1	0	0	-10000
P	0	663	0	7.22661	8.8261	68.0539	-0.112697	0.993576	0.0102916	1.524	1.368	35	-10000	0	-1	1	A	0	18054	0	-10000	-1	0	0	-10000
P	0	664	0	6.76306	12.795	68.1659	-0.119188	0.991819	0.0457157	0.627	0.24	38	-10000	0	-1	1	A	0	18054	0	-10000	-1	0	0	-10000
P	0	665	0	-0.676658	11.9478	66.878	0.68399	0.717051	0.134147	1.209	0.975	16	-10000	0	-1	1	A	0	18054	0	-10000	-1	0	0	-10000
P	0	666	0	2.094	14.7715	67.4539	0.701932	0.695416	0.15391	0.594	0.372	40	-10000	0	-1	1	A	0	18054	0	-10000	-1	0	0	-10000
P	0	676	0	22.1675	25.6704	77.3915	0.139781	-0.728933	-0.670162	0.759	0.384	-8	-10000	0	-1	1	A	0	18054	0	-10000	-1	0	0	-10000
P	0	682	0	19.7944	23.174	72.6087	0.483813	-0.81055	-0.330051	0.456	0.06	-8	-10000	0	-1	1	A	0	18054	0	-10000	-1	0	0	-10000
P	0	688	0	19.1319	24.5721	73.5778	0.455792	-0.786745	-0.416277	0.477	0.066	-8	-10000	0	-1	1	A	0	18054	0	-10000	-1	0	0	-10000
P	0	689	0	20.9132	21.3536	72.0336	0.436633	-0.825597	-0.35741	0.417	0.063	-8	-10000	0	-1	1	A	0	18054	0	-10000	-1	0	0	-10000
P	0	690	0	24.6772	22.4052	76.1509	0.257134	-0.67091	-0.69553	0.474	0.222	-9	-10000	0	-1	1	A	0	18054	0	-10000	-1	0	0	-10000
P	0	699	0	25.9509	22.3276	73.9579	0.329752	-0.585331	-0.74071	0.531	0.201	-7	-10000	0	-1	1	A	0	18054	0	-10000	-1	0	0	-10000
P	0	714	0	25.0275	23.5675	77.999	0.458897	-0.468846	-0.754717	0.585	0.081	-7	-10000	0	-1	1	A	0	18054	0	-10000	-1	0	0	-10000
P	0	715	0	26.4302	21.473	75.0701	0.259223	-0.6088	-0.749778	0.585	0.105	-7	-10000	0	-1	1	A	0	18054	0	-10000	-1	0	0	-10000
P	0	743	0	28.5238	12.2706	78.3968	-0.163855	0.986076	0.028375	0.567	0.501	61	-10000	0	-1	1	A	0	18054	0	-10000	-1	0	0	-10000
P	0	744	0	27.6272	16.1243	78.417	-0.288807	0.957211	-0.0183484	0.609	0.315	63	-10000	0	-1	1	A	0	18054	0	-10000	-1	0	0	-10000
P	0	747	0	24.4195	36.753	83.7603	-0.109136	-0.8508	-0.514032	0.561	0.372	-1	-10000	0	-1	1	A	0	18054	0	-10000	-1	0	0	-10000
P	0	748	0	23.9561	33.3924	81.6473	-0.122733	-0.830598	-0.543179	0.738	0.291	-6	-10000	0	-1	1	A	0	18054	0	-10000	-1	0	0	-10000
P	0	749	0	23.4386	30.1145	79.419	-0.13615	-0.809204	-0.571535	0.726	0.243	-7	-10000	0	-1	1	A	0	18054	0	-10000	-1	0	0	-10000
P	0	750	0	28.2	13.69	75.9649	-0.251568	0.959347	0.127937	0.477	0.39	55	-10000	0	-1	1	A	0	18054	0	-10000	-1	0	0	-10000
P	0	755	0	15.829	32.255	76.5306	0.755778	-0.647392	-0.0984018	0.426	0.102	-8	-10000	0	-1	1	A	0	18054	0	-10000	-1	0	0	-10000
P	0	756	0	23.3026	35.8158	82.6756	0.0770546	-0.854878	-0.513075	0.507	0.192	23	-10000	0	-1	1	A	0	18054	0	-10000	-1	0	0	-10000
P	0	767	0	20.8514	22.8081	75.458	0.796169	-0.5724	-0.196147	0.777	1.62	52	-10000	0	-1	1	A	0	18054	0	-10000	-1	0	0	-10000
P	0	769	0	25.2757	19.2965	80.3062	0.552933	-0.681637	-0.479204	1.611	0.99	36	-10000	0	-1	1	A	0	18054	0	-10000	-1	0	0	-10000
P	0	770	0	36.6999	8.83403	71.5978	-0.774126	0.362664	0.518849	0.567	0.387	17	-10000	0	-1	1	A	0	18054	0	-10000	-1	0	0	-10000
P	0	774	0	25.1006	44.514	87.5479	-0.721398	-0.670638	-0.17271	0.471	0.126	0	-10000	0	-1	1	A	0	18054	0	-10000	-1	0	0	-10000
P	0	775	0	19.9114	38.5974	86.5247	-0.578626	-0.811285	-0.0837121	0.498	0.177	-2	-10000	0	-1	1	A	0	18054	0	-10000	-1	0	0	-10000
P	0	776	0	24.5909	44.5757	89.8302	-0.696645	-0.71248	-0.0840101	0.48	0.162	0	-10000	0	-1	1	A	0	18054	0	-10000	-1	0	0	-10000
P	0	777	0	21.9875	41.6455	89.3002	-0.616287	-0.765793	-0.183715	0.522	0.246	-1	-10000	0	-1	1	A	0	18054	0	-10000	-1	0	0	-10000
P	0	778	0	19.7231	38.527	88.3791	-0.524421	-0.804261	-0.279548	0.597	0.255	-1	-10000	0	-1	1	A	0	18054	0	-10000	-1	0	0	-10000
P	0	779	0	19.1137	22.1021	86.328	0.111841	0.847367	0.519097	0.969	0.894	-11	-10000	0	-1	1	A	0	18054	0	-10000	-1	0	0	-10000
P	0	780	0	19.2396	25.5244	87.715	-0.0495658	0.976519	0.20965	1.506	1.506	-9	-10000	0	-1	1	A	0	18054	0	-10000	-1	0	0	-10000
P	0	783	0	23.989	45.7453	89.0094	-0.745287	-0.652659	-0.136321	0.39	0.138	0	-10000	0	-1	1	A	0	18054	0	-10000	-1	0	0	-10000
P	0	784	0	21.1561	43.0017	88.5025	-0.6777	-0.725761	-0.118296	0.483	0.174	0	-10000	0	-1	1	A	0	18054	0	-10000	-1	0	0	-10000
P	0	785	0	18.6041	39.9785	88.0695	-0.603324	-0.791316	-0.0990974	0.528	0.18	-1	-10000	0	-1	1	A	0	18054	0	-10000	-1	0	0	-10000
P	0	786	0	24.147	45.2614	90.455	-0.703571	-0.707752	0.0638365	0.411	0.204	0	-10000	0	-1	1	A	0	18054	0	-10000	-1	0	0	-10000
P	0	787	0	21.414	42.4248	90.3957	-0.67929	-0.727736	-0.0946861	0.561	0.273	0	-10000	0	-1	1	A	0	18054	0	-10000	-1	0	0	-10000
P	0	788	0	18.806	39.5394	89.7105	-0.637515	-0.728753	-0.249988	0.672	0.267	-1	-10000	0	-1	1	A	0	18054	0	-10000	-1	0	0	-10000
P	0	789	0	19.8603	24.3879	85.8492	-0.00614364	0.747703	0.664005	0.975	0.909	-10	-10000	0	-1	1	A	0	18054	0	-10000	-1	0	0	-10000
P	0	790	0	19.4468	27.4565	87.8021	-0.222304	0.90095	0.372652	1.497	1.311	-8	-10000	0	-1	1	A	0	18054	0	-10000	-1	0	0	-10000
P	0	791	0	18.2539	30.8982	88.5421	-0.399591	0.916074	0.0336996	1.824	1.308	-7	-10000	0	-1	1	A	0	18054	0	-10000	-1	0	0	-10000
P	0	795	0	20.793	37.2204	91.231	-0.651842	-0.740936	-0.161603	0.315	0.174	0	-10000	0	-1	1	A	0	18054	0	-10000	-1	0	0	-10000
P	0	796	0	22.1767	25.6679	84.0252	0.389123	0.7271	0.565604	0.816	0.678	76	-10000	0	-1	1	A	0	18054	0	-10000	-1	0	0	-10000
P	0	797	0	23.3838	28.6989	86.1929	0.223229	0.814185	0.535977	1.137	0.762	-5	-10000	0	-1	1	A	0	18054	0	-10000	-1	0	0	-10000
P	0	798	0	23.5457	32.03	79.6795	0.470344	0.7165	0.515174	0.681	0.279	-5	-10000	0	-1	1	A	0	18054	0	-10000	-1	0	0	-10000
P	0	799	0	24.9476	34.6331	82.046	0.257013	0.640354	0.723804	0.825	0.282	-3	-10000	0	-1	1	A	0	18054	0	-10000	-1	0	0	-10000
P	0	800	0	25.4773	36.8426	85.1192	0.0235459	0.506327	0.86202	0.594	0.282	-2	-10000	0	-1	1	A	0	18054	0	-10000	-1	0	0	-10000
P	0	801	0	33.4907	49.3749	90.8437	-0.716086	-0.694692	-0.0679927	0.504	0.444	6	-10000	0	-1	1	A	0	18054	0	-10000	-1	0	0	-10000
P	0	802	0	30.7165	46.5182	90.5676	-0.673271	-0.736047	-0.0702938	0.465	0.267	6	-10000	0	-1	1	A	0	18054	0	-10000	-1	0	0	-10000
P	0	805	0	28.8984	42.4786	90.5619	-0.763969	-0.644628	0.0284095	0.789	0.474	6	-10000	0	-1	1	A	0	18054	0	-10000	-1	0	0	-10000
P	0	807	0	29.8364	41.1535	89.9619	-0.845739	-0.518236	0.127111	0.972	0.816	6	-10000	0	-1	1	A	0	18054	0	-10000	-1	0	0	-10000
P	0	808	0	22.9564	34.8882	86.1451	-0.0946992	0.0333453	0.994947	0.6	0.309	-3	-10000	0	-1	1	A	0	18054	0	-10000	-1	0	0	-10000
P	0	809	0	30.0487	45.2007	91.0326	-0.714265	-0.696759	0.0659737	0.378	0.228	26	-10000	0	-1	1	A	0	18054	0	-10000	-1	0	0	-10000
P	0	810	0	27.3148	42.3116	91.2691	-0.656761	-0.752264	0.0525733	0.522	0.21	5	-10000	0	-1	1	A	0	18054	0	-10000	-1	0	0	-10000
P	0	811	0	29.1462	39.7039	91.2254	-0.760005	-0.609521	0.225557	0.774	0.768	5	-10000	0	-1	1	A	0	18054	0	-10000	-1	0	0	-10000
P	0	812	0	26.0025	37.3937	91.856	-0.825592	-0.556453	0.0935838	1.284	1.584	4	-10000	0	-1	1	A	0	18054	0	-10000	-1	0	0	-10000
P	0	813	0	29.8567	38.5911	90.6724	-0.742454	-0.624169	0.243261	0.912	1.386	6	-10000	0	-1	1	A	0	18054	0	-10000	-1	0	0	-10000
P	0	814	0	26.6983	36.4004	91.4084	-0.861111	-0.490915	0.132248	1.893	2.28	4	-10000	0	-1	1	A	0	18054	0	-10000	-1	0	0	-10000
P	0	815	0	23.3618	31.268	87.4026	-0.11151	0.60588	0.787702	1.47	0.864	-3	-10000	0	-1	1	A	0	18054	0	-10000	-1	0	0	-10000
P	0	816	0	21.0692	33.4008	81.0204	0.224166	0.543139	0.809166	0.576	0.24	-4	-10000	0	-1	1	A	0	18054	0	-10000	-1	0	0	-10000
P	0	817	0	29.7043	47.395	90.0297	-0.794104	-0.60024	-0.0954506	0.432	0.105	6	-10000	0	-1	1	A	0	18054	0	-10000	-1	0	0	-10000
P	0	819	0	25.8377	39.3867	90.2117	-0.858363	-0.511387	-0.0411907	1.254	1.182	4	-10000	0	-1	1	A	0	18054	0	-10000	-1	0	0	-10000
P	0	820	0	22.9206	29.8688	83.9923	0.0605601	0.771037	0.633904	1.284	0.807	-5	-10000	0	-1	1	A	0	18054	0	-10000	-1	0	0	-10000
P	0	821	0	21.9083	41.8229	91.7896	-0.590075	-0.798918	-0.116371	0.567	0.36	1	-10000	0	-1	1	A	0	18054	0	-10000	-1	0	0	-10000
P	0	822	0	19.755	38.5552	91.1809	-0.494696	-0.847907	-0.190601	0.72	0.372	1	-10000	0	-1	1	A	0	18054	0	-10000	-1	0	0	-10000
P	0	823	0	25.1706	38.1776	93.1523	-0.713763	-0.69429	0.0922138	1.191	1.425	3	-10000	0	-1	1	A	0	18054	0	-10000	-1	0	0	-10000
P	0	824	0	22.3894	35.5464	92.9936	-0.724504	-0.665782	-0.178405	1.656	2.118	1	-10000	0	-1	1	A	0	18054	0	-10000	-1	0	0	-10000
P	0	825	0	19.6514	33.1057	91.7932	-0.682457	-0.589279	-0.432438	1.686	1.779	-3	-10000	0	-1	1	A	0	18054	0	-10000	-1	0	0	-10000
P	0	826	0	26.7329	36.7818	92.4028	-0.684779	-0.728037	0.0322346	1.503	1.959	4	-10000	0	-1	1	A	0	18054	0	-10000	-1	0	0	-10000
P	0	827	0	23.9104	34.1525	92.1408	-0.765489	-0.620807	-0.16919	1.836	3.027	1	-10000	0	-1	1	A	0	18054	0	-10000	-1	0	0	-10000
P	0	828	0	20.8415	32.0039	91.1007	-0.801214	-0.478934	-0.358717	2.133	2.13	-4	-10000	0	-1	1	A	0	18054	0	-10000	-1	0	0	-10000
P	0	831	0	19.0949	27.4198	84.8117	-0.410231	0.514868	0.752742	1.053	0.3	-7	-10000	0	-1	1	A	0	18054	0	-10000	-1	0	0	-10000
P	0	832	0	21.7035	39.5149	91.8272	-0.459356	-0.869697	-0.180608	0.444	0.354	0	-10000	0	-1	1	A	0	18054	0	-10000	-1	0	0	-10000
P	0	833	0	19.9669	36.0122	91.0284	-0.410548	-0.885002	-0.219594	0.666	0.39	-1	-10000	0	-1	1	A	0	18054	0	-10000	-1	0	0	-10000
P	0	834	0	18.4281	32.4542	90.0753	-0.360081	-0.896639	-0.257642	0.753	0.51	-2	-10000	0	-1	1	A	0	18054	0	-10000	-1	0	0	-10000
P	0	835	0	25.8904	35.2963	93.568	-0.726224	-0.686761	-0.0309534	1.281	1.791	2	-10000	0	-1	1	A	0	18054	0	-10000	-1	0	0	-10000
P	0	837	0	20.2871	30.2975	91.6563	-0.685635	-0.573125	-0.448812	1.908	1.653	-4	-10000	0	-1	1	A	0	18054	0	-10000	-1	0	0	-10000
P	0	838	0	27.5178	33.8237	92.3458	-0.714123	-0.699732	-0.0200926	2.001	2.727	3	-10000	0	-1	1	A	0	18054	0	-10000	-1	0	0	-10000
P	0	839	0	24.5928	31.2852	91.9288	-0.779715	-0.595184	-0.194422	1.866	3.18	-1	-10000	0	-1	1	A	0	18054	0	-10000	-1	0	0	-10000
P	0	840	0	21.4654	29.2037	90.8366	-0.809634	-0.464698	-0.358537	2.352	1.866	-5	-10000	0	-1	1	A	0	18054	0	-10000	-1	0	0	-10000
P	0	843	0	20.2318	34.3582	91.2547	-0.556765	-0.702206	-0.443756	1.02	0.933	0	-10000	0	-1	1	A	0	18054	0	-10000	-1	0	0	-10000
P	0	844	0	24.0173	30.5096	89.0605	-0.897429	-0.382387	-0.220005	1.542	2.076	-2	-10000	0	-1	1	A	0	18054	0	-10000	-1	0	0	-10000
P	0	845	0	20.4939	29.27	87.8811	-0.892162	-0.248888	-0.376965	1.845	1.077	-5	-10000	0	-1	1	A	0	18054	0	-10000	-1	0	0	-10000
P	0	846	0	16.2084	35.9911	87.4571	-0.461855	-0.886954	-0.00152308	0.465	0.159	-3	-10000	0	-1	1	A	0	18054	0	-10000	-1	0	0	-10000
P	0	847	0	18.7687	38.5731	90.7021	-0.626697	-0.762568	-0.16044	0.606	0.276	0	-10000	0	-1	1	A	0	18054	0	-10000	-1	0	0	-10000
P	0	848	0	16.4785	35.4897	89.8007	-0.531025	-0.794799	-0.29378	0.666	0.501	-3	-10000	0	-1	1	A	0	18054	0	-10000	-1	0	0	-10000
P	0	850	0	20.3604	36.5699	92.0894	-0.664715	-0.704901	-0.247527	0.903	0.507	0	-10000	0	-1	1	A	0	18054	0	-10000	-1	0	0	-10000
P	0	851	0	17.7398	33.9807	90.7537	-0.665816	-0.610892	-0.428369	0.987	0.726	-2	-10000	0	-1	1	A	0	18054	0	-10000	-1	0	0	-10000
P	0	853	0	17.1698	37.9845	91.1909	-0.42063	-0.887681	-0.18733	0.765	0.411	0	-10000	0	-1	1	A	0	18054	0	-10000	-1	0	0	-10000
P	0	854	0	15.6485	34.3929	90.3771	-0.342388	-0.913265	-0.220722	0.741	0.477	-6	-10000	0	-1	1	A	0	18054	0	-10000	-1	0	0	-10000
P	0	855	0	24.0742	36.4702	93.6285	-0.650878	-0.756505	-0.0637056	1.821	2.487	2	-10000	0	-1	1	A	0	18054	0	-10000	-1	0	0	-10000
P	0	856	0	21.3902	33.7077	93.0435	-0.719805	-0.652646	-0.236503	1.746	2.742	-2	-10000	0	-1	1	A	0	18054	0	-10000	-1	0	0	-10000
P	0	857	0	18.4861	31.4035	91.7925	-0.755893	-0.520394	-0.397261	2.094	1.677	-5	-10000	0	-1	1	A	0	18054	0	-10000	-1	0	0	-10000
P	0	859	0	22.2694	30.5763	78.9164	0.440962	0.708979	0.550365	0.606	0.216	18	-10000	0	-1	1	A	0	18054	0	-10000	-1	0	0	-10000
P	0	861	0	30.0891	46.2481	88.2916	-0.752896	-0.656173	-0.0508505	0.435	0.093	29	-10000	0	-1	1	A	0	18054	0	-10000	-1	0	0	-10000
P	0	863	0	30.0247	46.1023	89.9111	-0.741703	-0.667779	-0.0628337	0.483	0.132	29	-10000	0	-1	1	A	0	18054	0	-10000	-1	0	0	-10000
P	0	865	0	28.4274	41.7733	89.1765	-0.850039	-0.525408	-0.0371533	0.924	0.648	28	-10000	0	-1	1	A	0	18054	0	-10000	-1	0	0	-10000
P	0	866	0	23.5195	27.7596	82.6984	0.388747	0.772971	0.50139	1.224	0.777	18	-10000	0	-1	1	A	0	18054	0	-10000	-1	0	0	-10000
P	0	867	0	24.6239	30.9556	84.5864	0.175189	0.867046	0.466411	1.629	1.347	20	-10000	0	-1	1	A	0	18054	0	-10000	-1	0	0	-10000
P	0	873	0	31.5237	40.4167	89.8922	-0.816991	-0.575643	-0.0340723	0.642	0.153	4	-10000	0	-1	1	A	0	18054	0	-10000	-1	0	0	-10000
P	0	874	0	25.1254	25.4876	85.4671	0.462619	0.810884	0.358399	1.035	0.696	-6	-10000	0	-1	1	A	0	18054	0	-10000	-1	0	0	-10000
P	0	875	0	26.6039	28.8564	86.7723	0.289402	0.906856	0.306364	1.125	0.852	-3	-10000	0	-1	1	A	0	18054	0	-10000	-1	0	0	-10000
P	0	877	0	31.1713	46.469	88.6724	-0.736031	-0.671916	-0.0823869	0.447	0.087	5	-10000	0	-1	1	A	0	18054	0	-10000	-1	0	0	-10000
P	0	878	0	28.1944	43.6121	89.7761	-0.664753	-0.725784	-0.177032	0.585	0.255	4	-10000	0	-1	1	A	0	18054	0	-10000	-1	0	0	-10000
P	0	879	0	29.4568	42.1196	89.4837	-0.821558	-0.565518	-0.0723255	0.843	0.531	5	-10000	0	-1	1	A	0	18054	0	-10000	-1	0	0	-10000
P	0	880	0	25.088	27.722	82.9676	0.325908	0.79847	0.506191	1.413	1.011	-6	-10000	0	-1	1	A	0	18054	0	-10000	-1	0	0	-10000
P	0	881	0	25.9927	31.0056	84.8586	0.134134	0.878448	0.458626	1.575	1.377	-4	-10000	0	-1	1	A	0	18054	0	-10000	-1	0	0	-10000
P	0	882	0	24.3505	27.1808	83.7115	0.361992	0.811902	0.458015	1.401	1.05	-5	-10000	0	-1	1	A	0	18054	0	-10000	-1	0	0	-10000
P	0	883	0	26.7435	33.0092	82.6434	0.423688	0.710509	0.561841	0.561	0.174	-4	-10000	0	-1	1	A	0	18054	0	-10000	-1	0	0	-10000
P	0	891	0	26.0139	26.9081	85.3011	0.503142	0.807952	0.306695	1.008	0.546	-5	-10000	0	-1	1	A	0	18054	0	-10000	-1	0	0	-10000
P	0	892	0	27.6733	30.2516	86.5037	0.338375	0.890556	0.303995	1.017	0.681	-3	-10000	0	-1	1	A	0	18054	0	-10000	-1	0	0	-10000
P	0	893	0	22.315	31.6857	79.7642	0.461908	0.793948	0.395332	0.765	0.3	-4	-10000	0	-1	1	A	0	18054	0	-10000	-1	0	0	-10000
P	0	896	0	23.1538	30.5455	80.4531	0.484298	0.791351	0.373121	0.741	0.27	-4	-10000	0	-1	1	A	0	18054	0	-10000	-1	0	0	-10000
P	0	899	0	28.9837	44.4573	88.6665	-0.679854	-0.725043	-0.110053	0.417	0.096	5	-10000	0	-1	1	A	0	18054	0	-10000	-1	0	0	-10000
P	0	902	0	29.1416	44.1773	89.8048	-0.689883	-0.703834	-0.169349	0.486	0.168	5	-10000	0	-1	1	A	0	18054	0	-10000	-1	0	0	-10000
P	0	904	0	30.4702	42.5515	89.1094	-0.854604	-0.519082	-0.0143447	0.639	0.276	5	-10000	0	-1	1	A	0	18054	0	-10000	-1	0	0	-10000
P	0	906	0	23.9031	27.8775	84.4323	0.461307	0.827989	0.318794	1.707	1.419	18	-10000	0	-1	1	A	0	18054	0	-10000	-1	0	0	-10000
P	0	907	0	25.4122	31.2906	85.6593	0.302995	0.903423	0.303348	1.398	1.197	20	-10000	0	-1	1	A	0	18054	0	-10000	-1	0	0	-10000
P	0	908	0	26.2778	34.9581	86.8098	0.136279	0.950669	0.27867	1.014	0.456	24	-10000	0	-1	1	A	0	18054	0	-10000	-1	0	0	-10000
P	0	909	0	25.6301	33.1807	83.0825	0.412858	0.724246	0.552282	0.51	0.123	22	-10000	0	-1	1	A	0	18054	0	-10000	-1	0	0	-10000
P	0	917	0	24.7397	31.0706	79.8675	0.435802	0.742809	0.508243	0.597	0.264	19	-10000	0	-1	1	A	0	18054	0	-10000	-1	0	0	-10000
P	0	918	0	26.1017	33.9757	82.08	0.257585	0.739594	0.621813	0.66	0.249	21	-10000	0	-1	1	A	0	18054	0	-10000	-1	0	0	-10000
P	0	961	0	-38.7145	34.4984	94.3447	-0.55082	0.80048	-0.236284	0.513	0.132	25	-10000	0	-1	1	A	0	18054	0	-10000	-1	0	0	-10000
P	0	980	0	-18.581	21.6891	80.4282	-0.751679	0.250649	0.610044	0.51	0.294	-9	-10000	0	-1	1	A	0	18054	0	-10000	-1	0	0	-10000
P	0	988	0	-11.0105	19.3835	81.6133	-0.638702	-0.0424086	0.768285	0.789	0.585	-15	-10000	0	-1	1	A	0	18054	0	-10000	-1	0	0	-10000
P	0	991	0	-24.9294	17.2188	92.2836	0.999079	-0.0418643	0.00935397	0.648	0.408	20	-10000	0	-1	1	A	0	18054	0	-10000	-1	0	0	-10000
P	0	995	0	-10.2401	18.2561	81.4426	-0.640323	-0.00660352	0.768077	0.789	0.63	-14	-10000	0	-1	1	A	0	18054	0	-10000	-1	0	0	-10000
P	0	997	0	-10.2061	19.3587	78.6226	-0.644268	-0.0285093	0.764268	0.939	0.723	-14	-10000	0	-1	1	A	0	18054	0	-10000	-1	0	0	-10000
P	0	1000	0	-24.3978	17.4941	89.4558	0.997547	-0.0377309	-0.0589671	0.57	0.501	19	-10000	0	-1	1	A	0	18054	0	-10000	-1	0	0	-10000
P	0	1006	0	-23.2977	14.959	88.4537	0.997513	-0.0685944	0.0161958	1.167	0.972	-9	-10000	0	-1	1	A	0	18054	0	-10000	-1	0	0	-10000
P	0	1011	0	-24.7478	12.4583	90.7972	0.949492	-0.1563	0.272093	0.477	0.495	12	-10000	0	-1	1	A	0	18054	0	-10000	-1	0	0	-10000
P	0	1012	0	-20.925	11.8324	91.7633	0.964625	-0.157075	0.211719	0.495	0.789	-44	-10000	0	-1	1	A	0	18054	0	0.0729938	-1	0	0	-10000
P	0	1013	0	-13.7559	21.4561	87.6583	-0.138189	-0.52356	0.840707	0.468	0.774	-45	-10000	0	-1	1	A	0	18054	0	0.0545095	-1	0	0	-10000
P	0	1014	0	-14.2977	18.9929	90.3798	-0.149334	-0.789454	0.595367	1.086	1.41	-36	-10000	0	-1	1	A	0	18054	0	0.193871	-1	0	0	-10000
P	0	1015	0	-14.8521	15.6614	92.0283	-0.141342	-0.949423	0.280389	1.461	1.44	-42	-10000	0	-1	1	A	0	18054	0	0.142575	-1	0	0	-10000
P	0	1018	0	-20.4462	12.1	89.1037	0.974417	-0.151384	0.166114	0.516	0.903	-43	-10000	0	-1	1	A	0	18054	0	0.0717582	-1	0	0	-10000
P	0	1019	0	-12.7123	22.3417	85.855	-0.194921	-0.631149	0.750771	0.552	0.999	-44	-10000	0	-1	1	A	0	18054	0	0.0816265	-1	0	0	-10000
P	0	1020	0	-13.4532	19.5401	88.2395	-0.19443	-0.845995	0.496477	1.452	1.662	-37	-10000	0	-1	1	A	0	18054	0	0.218205	-1	0	0	-10000
P	0	1021	0	-14.1583	16.0497	89.5475	-0.173044	-0.965661	0.193792	1.719	1.377	-43	-10000	0	-1	1	A	0	18054	0	0.161764	-1	0	0	-10000
P	0	1022	0	-23.4247	13.9802	89.0377	0.971695	-0.0411625	0.232626	0.66	0.498	12	-10000	0	-1	1	A	0	18054	0	-10000	-1	0	0	-10000
P	0	1023	0	-19.5282	13.7827	89.9097	0.977359	-0.0576059	0.203596	0.723	0.78	-43	-10000	0	-1	1	A	0	18054	0	0.0764621	-1	0	0	-10000
P	0	1024	0	-11.9906	17.4266	89.5806	-0.432205	-0.809843	0.396678	2.031	2.151	-41	-10000	0	-1	1	A	0	18054	0	0.363273	-1	0	0	-10000
P	0	1026	0	-10.4495	23.736	83.7984	-0.94854	0.223911	0.223909	0.765	0.633	-21	-10000	0	-1	1	A	0	18054	0	-10000	-1	0	0	-10000
P	0	1027	0	-11.8348	18.9351	73.6367	-0.364478	0.518265	0.773664	0.777	1.02	-7	-10000	0	-1	1	A	0	18054	0	-10000	-1	0	0	-10000
P	0	1028	0	-13.2088	20.8822	76.8262	-0.324966	0.458741	0.827015	1.062	0.819	-11	-10000	0	-1	1	A	0	18054	0	-10000	-1	0	0	-10000
P	0	1029	0	-14.4208	22.5857	80.218	-0.282935	0.395666	0.873726	0.759	0.597	-6	-10000	0	-1	1	A	0	18054	0	-10000	-1	0	0	-10000
P	0	1031	0	-6.33449	21.6347	78.1723	-0.712273	0.366208	0.598798	1.011	0.957	-1	-10000	0	-1	1	A	0	18054	0	-10000	-1	0	0	-10000
P	0	1032	0	-9.24812	22.9285	80.5559	-0.750216	0.283033	0.597552	0.816	0.786	-16	-10000	0	-1	1	A	0	18054	0	-10000	-1	0	0	-10000
P	0	1033	0	-12.303	23.8864	82.9263	-0.781844	0.197627	0.591324	1.077	1.002	-16	-10000	0	-1	1	A	0	18054	0	-10000	-1	0	0	-10000
P	0	1034	0	-4.8184	19.1362	89.5782	-0.761478	0.638112	-0.113861	1.755	0.618	-43	-10000	0	-1	1	A	0	18054	0	0.230236	-1	0	0	-10000
P	0	1035	0	-7.92004	21.4144	88.8569	-0.815965	0.519342	-0.253938	1.764	0.756	-45	-10000	0	-1	1	A	0	18054	0	0.370064	-1	0	0	-10000
P	0	1055	0	-27.5181	28.5269	87.9339	-0.828478	0.225483	0.512622	0.441	0.186	-5	-10000	0	-1	1	A	0	18054	0	-10000	-1	0	0	-10000
P	0	1064	0	-4.29901	20.5258	86.8957	-0.916635	0.399373	0.0168126	1.08	0.678	-40	-10000	0	-1	1	A	0	18054	0	0.250576	-1	0	0	-10000
P	0	1066	0	-10.54	21.4691	80.2394	-0.723878	0.31051	0.616104	0.912	0.996	-16	-10000	0	-1	1	A	0	18054	0	-10000	-1	0	0	-10000
P	0	1067	0	-13.4539	22.6642	82.7032	-0.733437	0.287171	0.616119	1.185	0.828	-17	-10000	0	-1	1	A	0	18054	0	-10000	-1	0	0	-10000
P	0	1070	0	-21.7513	22.9599	82.9522	0.79344	0.193897	0.576938	0.504	0.237	23	-10000	0	-1	1	A	0	18054	0	-10000	-1	0	0	-10000
P	0	1074	0	-8.27371	21.7891	87.4985	-0.937835	0.340551	-0.0670077	0.828	0.507	-39	-10000	0	-1	1	A	0	18054	0	0.113806	-1	0	0	-10000
P	0	1076	0	-10.0532	20.7395	81.8969	-0.737517	0.31606	0.596804	0.777	0.654	-15	-10000	0	-1	1	A	0	18054	0	-10000	-1	0	0	-10000
P	0	1077	0	-13.0124	21.9792	84.285	-0.742207	0.303829	0.597341	0.891	0.807	-16	-10000	0	-1	1	A	0	18054	0	-10000	-1	0	0	-10000
P	0	1104	0	-14.4414	20.4466	80.163	-0.777376	0.130689	0.615311	0.84	0.696	-9	-10000	0	-1	1	A	0	18054	0	-10000	-1	0	0	-10000
P	0	1110	0	-14.8564	21.4824	80.2706	-0.779216	0.0347051	0.625794	0.852	0.657	-10	-10000	0	-1	1	A	0	18054	0	-10000	-1	0	0	-10000
P	0	1113	0	-13.6681	21.2061	84.2369	-0.670087	0.285214	0.6853	0.603	0.549	-14	-10000	0	-1	1	A	0	18054	0	-10000	-1	0	0	-10000
P	0	1142	0	-5.58739	26.2611	95.416	-0.581559	-0.744852	-0.327085	3.573	5.226	-40	-10000	0	-1	1	A	0	18054	0	1.08488	-1	0	0	-10000
P	0	1143	0	-7.80185	23.2957	93.9547	-0.530162	-0.743981	-0.40672	2.403	2.652	-45	-10000	0	-1	1	A	0	18054	0	0.609931	-1	0	0	-10000
P	0	1144	0	-9.80347	20.3446	92.1816	-0.4741	-0.736444	-0.482576	3.543	3.222	-46	-10000	0	-1	1	A	0	18054	0	0.937343	-1	0	0	-10000
P	0	1146	0	-5.47824	25.188	97.3064	-0.610372	-0.749161	-0.257302	3.129	4.377	-40	-10000	0	-1	1	A	0	18054	0	0.933196	-1	0	0	-10000
P	0	1147	0	-7.8947	22.2059	96.1959	-0.598892	-0.743141	-0.298445	1.995	2.604	-45	-10000	0	-1	1	A	0	18054	0	0.501719	-1	0	0	-10000
P	0	1148	0	-10.2635	19.2502	94.9218	-0.586302	-0.735742	-0.339018	3.201	2.823	-46	-10000	0	-1	1	A	0	18054	0	0.824419	-1	0	0	-10000
P	0	1150	0	-19.6114	10.6407	89.098	0.952782	-0.233147	0.194548	0.555	0.852	-45	-10000	0	-1	1	A	0	18054	0	0.046982	-1	0	0	-10000
P	0	1151	0	-12.4011	21.5601	88.5563	-0.224536	-0.845908	0.483759	0.831	1.185	-47	-10000	0	-1	1	A	0	18054	0	0.108714	-1	0	0	-10000
P	0	1152	0	-13.1822	18.0734	90.0086	-0.176671	-0.949169	0.260512	1.827	1.683	-44	-10000	0	-1	1	A	0	18054	0	0.24917	-1	0	0	-10000
P	0	1153	0	-13.7571	14.2752	90.5557	-0.11845	-0.992676	0.0237323	2.016	1.644	-50	-10000	0	-1	1	A	0	18054	0	0.360006	-1	0	0	-10000
P	0	1154	0	-22.6251	11.6328	88.17	0.93975	-0.247289	0.236047	0.708	0.771	8	-10000	0	-1	1	A	0	18054	0	-10000	-1	0	0	-10000
P	0	1155	0	-13.9252	20.0852	75.5593	-0.402102	0.401145	0.823041	1.071	0.879	-11	-10000	0	-1	1	A	0	18054	0	-10000	-1	0	0	-10000
P	0	1157	0	-9.02341	25.3996	92.7438	-0.854372	-0.150274	-0.49746	1.095	0.639	-46	-10000	0	-1	1	A	0	18054	0	0.277287	-1	0	0	-10000
P	0	1158	0	-7.96649	20.8046	90.3491	-0.885843	0.457311	-0.0784223	2.112	0.651	-47	-10000	0	-1	1	A	0	18054	0	0.447752	-1	0	0	-10000
P	0	1159	0	-4.82941	24.3981	96.8177	-0.811422	-0.0878864	-0.577815	3.93	3.933	-41	-10000	0	-1	1	A	0	18054	0	0.894636	-1	0	0	-10000
P	0	1160	0	-8.12893	23.9956	94.6095	-0.841427	-0.113764	-0.528261	0.954	0.519	-46	-10000	0	-1	1	A	0	18054	0	0.229745	-1	0	0	-10000
P	0	1161	0	-11.5429	23.4905	92.6029	-0.868025	-0.139164	-0.47662	0.666	0.306	-46	-10000	0	-1	1	A	0	18054	0	0.0825043	-1	0	0	-10000
P	0	1163	0	-12.2409	19.3206	76.8685	-0.419883	0.325644	0.847145	1.047	1.095	-12	-10000	0	-1	1	A	0	18054	0	-10000	-1	0	0	-10000
P	0	1165	0	-6.02867	25.2241	94.3344	-0.827762	-0.0294684	-0.560304	5.19	4.311	-43	-10000	0	-1	1	A	0	18054	0	1.28172	-1	0	0	-10000
P	0	1166	0	-12.8706	24.5306	90.3258	-0.884793	-0.144047	-0.443161	0.705	0.351	-46	-10000	0	-1	1	A	0	18054	0	0.110407	-1	0	0	-10000
P	0	1168	0	-7.86237	20.4277	78.8918	-0.63575	0.323939	0.700632	1.041	1.059	-2	-10000	0	-1	1	A	0	18054	0	-10000	-1	0	0	-10000
P	0	1172	0	-18.6725	19.9653	79.2361	0.359242	0.39456	0.845735	0.462	0.351	-2	-10000	0	-1	1	A	0	18054	0	-10000	-1	0	0	-10000
P	0	1173	0	-9.36801	21.4362	88.8646	-0.911999	0.31147	-0.266915	0.612	0.174	-45	-10000	0	-1	1	A	0	18054	0	0.0988621	-1	0	0	-10000
P	0	1181	0	-23.7363	13.2745	91.2812	0.399856	-0.902047	-0.162565	0.651	0.651	-6	-10000	0	-1	1	A	0	18054	0	-10000	-1	0	0	-10000
P	0	1182	0	-22.3452	25.2279	87.1134	0.442417	-0.896399	0.0271407	0.357	0.33	45	-10000	0	-1	1	A	0	18054	0	-10000	-1	0	0	-10000
P	0	1183	0	-19.7863	14.1247	88.7573	0.979187	-0.192672	0.0637944	0.597	0.84	-43	-10000	0	-1	1	A	0	18054	0	0.0848264	-1	0	0	-10000
P	0	1184	0	-7.02121	23.6886	94.4769	-0.206564	-0.916667	-0.342131	2.754	4.953	-42	-10000	0	-1	1	A	0	18054	0	0.599857	-1	0	0	-10000
P	0	1185	0	-7.91579	20.0786	93.0277	-0.241492	-0.891321	-0.383703	4.413	3.42	-46	-10000	0	-1	1	A	0	18054	0	0.979525	-1	0	0	-10000
P	0	1186	0	-8.94854	16.575	91.4146	-0.27553	-0.862796	-0.423872	5.064	2.691	-50	-10000	0	-1	1	A	0	18054	0	0.878676	-1	0	0	-10000
P	0	1187	0	-6.71245	21.8851	96.4341	-0.31023	-0.938443	-0.15193	1.752	4.335	-44	-10000	0	-1	1	A	0	18054	0	0.441817	-1	0	0	-10000
P	0	1188	0	-8.01038	18.1826	95.7132	-0.340161	-0.916755	-0.209404	3.933	3.222	-47	-10000	0	-1	1	A	0	18054	0	0.824833	-1	0	0	-10000
P	0	1189	0	-9.42532	14.5737	94.7641	-0.368481	-0.890812	-0.265851	4.074	2.109	-51	-10000	0	-1	1	A	0	18054	0	0.770317	-1	0	0	-10000
P	0	1190	0	-7.81736	21.8855	92.6241	-0.139545	-0.985343	-0.0981147	2.19	3.363	-46	-10000	0	-1	1	A	0	18054	0	0.546357	-1	0	0	-10000
P	0	1191	0	-8.5137	18.014	92.0745	-0.210742	-0.961128	-0.178383	3.813	2.619	-50	-10000	0	-1	1	A	0	18054	0	0.581648	-1	0	0	-10000
P	0	1192	0	-9.48982	14.2579	91.2084	-0.279238	-0.925379	-0.25632	3.384	2.898	-51	-10000	0	-1	1	A	0	18054	0	0.578259	-1	0	0	-10000
P	0	1193	0	-7.59728	18.9058	92.5269	-0.17987	-0.939864	-0.290347	3.309	2.313	-47	-10000	0	-1	1	A	0	18054	0	0.777335	-1	0	0	-10000
P	0	1194	0	-8.44691	15.2167	91.2799	-0.245937	-0.909656	-0.334724	4.017	2.301	-49	-10000	0	-1	1	A	0	18054	0	0.504573	-1	0	0	-10000
P	0	1196	0	-14.4112	15.4685	91.1273	-0.236018	-0.968481	0.0796242	1.575	1.077	-43	-10000	0	-1	1	A	0	18054	0	0.156629	-1	0	0	-10000
P	0	1197	0	-15.015	11.6361	91.1342	-0.0714444	-0.994403	-0.077834	1.596	0.534	-47	-10000	0	-1	1	A	0	18054	0	0.33509	-1	0	0	-10000
P	0	1198	0	-14.9632	7.7849	90.5259	0.095251	-0.968577	-0.229751	1.26	0.876	-47	-10000	0	-1	1	A	0	18054	0	0.258292	-1	0	0	-10000
P	0	1199	0	-15.098	15.8992	92.9948	-0.240611	-0.966264	0.09187	1.44	0.918	-44	-10000	0	-1	1	A	0	18054	0	0.122928	-1	0	0	-10000
P	0	1200	0	-15.7145	12.0788	93.0288	-0.073791	-0.994344	-0.0763922	1.506	0.471	-49	-10000	0	-1	1	A	0	18054	0	0.284473	-1	0	0	-10000
P	0	1201	0	-15.6665	8.23813	92.4063	0.0954353	-0.96641	-0.23863	1.203	0.69	-49	-10000	0	-1	1	A	0	18054	0	0.232748	-1	0	0	-10000
P	0	1202	0	-25.9736	8.54919	84.2479	0.831241	-0.404027	0.381838	0.891	0.831	1	-10000	0	-1	1	A	0	18054	0	-10000	-1	0	0	-10000
P	0	1206	0	-28.0162	18.0278	78.4108	-0.874778	-0.309456	0.372827	0.546	0.519	17	-10000	0	-1	1	A	0	18054	0	-10000	-1	0	0	-10000
P	0	1214	0	-42.3131	6.85239	90.24	0.398157	0.769215	-0.49978	0.765	0.09	-72	-10000	0	-1	1	A	0	18054	0	0.0437827	-1	0	0	-10000
P	0	1216	0	-26.8856	17.5998	80.7462	-0.893848	-0.291326	0.340829	0.816	0.825	18	-10000	0	-1	1	A	0	18054	0	-10000	-1	0	0	-10000
P	0	1226	0	-25.8589	21.383	77.4954	-0.304346	0.63789	0.707439	0.555	0.657	16	-10000	0	-1	1	A	0	18054	0	-10000	-1	0	0	-10000
P	0	1227	0	-26.9981	23.7574	80.4627	-0.268841	0.556743	0.785978	0.363	0.204	19	-10000	0	-1	1	A	0	18054	0	-10000	-1	0	0	-10000
P	0	1233	0	-27.4868	20.6157	80.4816	-0.141897	0.662267	0.735709	0.585	0.549	17	-10000	0	-1	1	A	0	18054	0	-10000	-1	0	0	-10000
P	0	1249	0	-29.0054	21.1603	80.0046	-0.0666103	0.689339	0.72137	0.312	0.252	16	-10000	0	-1	1	A	0	18054	0	-10000	-1	0	0	-10000
