           SessionId             StartTs               EndTs          PresetName            PresetId             Comment                   
                5831             4829222             4861272              Preset                   12                  NA                   
                5832             4878822             4904072              Preset                   12                  NA                   
                5833             4995422             5036972              Preset                   12                  NA                   
                5834             5188072             5241822              Preset                   12                  NA                   
                5835             5251772             5293822              Preset                   12                  NA                   
                5836             5305872             5351972              Preset                   12                  NA                   
                5837             5363772             5421322              Preset                   12                  NA                   
                5838             5424372             5471272              Preset                   12                  NA                   
                5839             5487472             5547422              Preset                   12                  NA                   
                5840             5556872             5616822              Preset                   12                  NA                   
                5841             5625322             5638622              Preset                   12                  NA                   
                5842             5666122             5726122              Preset                   12                  NA                   
                5843             5740422             5800422              Preset                   12                  NA                   
                5844             5807622             5856372              Preset                   12                  NA                   
                5845             6005122             6036272              Preset                   12                  NA                   
                5846             6084722             6105722              Preset                   12                  NA                   
                5847             6141822             6171222              Preset                   12                  NA                   
                5848             6179572             6219222              Preset                   12                  NA                   
                5849             6233772             6293772              Preset                   12                  NA                   
                5850             6416372             6436822              Preset                   12                  NA                   
                5851             6502772             6562722              Preset                   12                  NA                   
                5852             6605972             6645572              Preset                   12                  NA                   
                5853             6654122             6688422              Preset                   12                  NA                   
                5854             6707772             6734772              Preset                   12                  NA                   
                5855             6744722             6785122              Preset                   12                  NA                   
                5856             6793622             6812022              Preset                   12                  NA                   
                5857             6820822             6833922              Preset                   12                  NA                   
                5858             6848722             6882072              Preset                   12                  NA                   
                5859             6891122             6922422              Preset                   13                  NA                   
                5860             6931422             6978522              Preset                   13                  NA                   
                5861             7008322             7033972              Preset                   13                  NA                   
                5862             7057322             7090722              Preset                   13                  NA                   
                5863             7140472             7169572              Preset                   13                  NA                   
                5864             7179572             7234422              Preset                   13                  NA                   
                5865             7246972             7279372              Preset                   13                  NA                   
                5866             7286972             7317522              Preset                   13                  NA                   
                5867             7327072             7361072              Preset                   13                  NA                   
                5868             7488472             7522622              Preset                   13                  NA                   
                5869             7525872             7552122              Preset                   13                  NA                   
                5870             7563272             7599472              Preset                   13                  NA                   
                5871             7607772             7639672              Preset                   13                 NA                   
                5872             7659222             7705272              Preset                   13                  NA                   
                5873             7708772             7744472              Preset                   13                  NA                   
                5874             7760622             7804222              Preset                   13                  NA                   
                5875             7907822             7962622              Preset                   13                  NA                   
                5876             8058722             8072472              Preset                   13                 NA                   
                5877             8100122             8122822              Preset                   13                  NA                   
                5878             8134222             8134722              Preset                   13                  NA                   
                5879             8160622             8220572              Preset                   13                  NA                   
                5880             8223722             8272322              Preset                   13                  NA                   
                5881             8567772             8645222              Preset                   13                  NA                   
                5882             8661072             8685222              Preset                   13                  NA                   
                5883             8689472             8730672              Preset                   13                  NA                   
                5884             8769522             8819422              Preset                   13                  NA                   
                5885             8849222             8856472              Preset                   13                  NA                   
                5886             8866722             8881522              Preset                   13                  NA                   
                5887             8926822             8949622              Preset                   1                  NA                   
                5888            10088622            10139172              Preset                   1                  NA                   
                5889            10240322            10285072              Preset                   1                  NA                   
                5890            10290072            10334522              Preset                   1                  NA                   
                5891            10341672            10401672              Preset                   1                  NA                   
                5892            10491672            10524472              Preset                   1                  NA                   
                5893            10528572            10563422              Preset                   1                  NA                   
                5894            10573472            10612572              Preset                   1                  NA                   
                5895            10621372            10656472              Preset                   1                  NA                   
                5896            10660672            10692222              Preset                   1                  NA                   
                5897            10696372            10731522              Preset                   1                  NA                   
                5898            10738872            10786522              Preset                   1                  NA                   
                5899            10795722            10829172              Preset                   1                  NA                   
                5900            11018622            11046522              Preset                   1                  NA                   
                5901            11062422            11083522              Preset                   1                  NA                   
                5902            11092222            11107622              Preset                   1                  NA                   
                5903            11122922            11145522              Preset                   1                  NA                   
                5904            11192122            11214622              Preset                   1                  NA                   
                5905            11224222            11242722              Preset                   1                  NA                   
                5906            11258022            11268972              Preset                   1                  NA                   
                5907            11322372            11362072              Preset                   1                  NA                   
                5908            11384972            11420972              Preset                   1                  NA                   
                5909            11440272            11483122              Preset                   1                  NA                   
                5910            11594272            11643322              Preset                   1                  NA                   
                5911            11715172            11758822              Preset                   1                  NA                   
                5912            11772372            11813072              Preset                   1                  NA                   
                5913            11858222            11893822              Preset                   1                  NA                   
                5914            11911422            11945922              Preset                   1                  NA                   
                5915            11984622            12012872              Preset                   1                  NA                   
                5916            12021522            12046672              Preset                   1                  NA                   
                5917            12054422            12102372              Preset                   1                  NA                   
                5918            12155622            12196722              Preset                   1                  NA                   
                5919            12206822            12242922              Preset                   1                  NA                   
                5920            12250722            12297022              Preset                   1                  NA                   
                5921            12399772            12429723              Preset                   1                  NA                   
                5922            12453172            12491922              Preset                   1                  NA                   
                5923            12584572            12616072              Preset                   1                  NA                   
                5924            12633872            12666922              Preset                   1                  NA                   
                5925            12684272            12723222              Preset                   1                  NA                   
                5926            12731472            12762072              Preset                   1                  NA                   
                5927            12885522            12945522              Preset                   1                  NA                   
                5928            12960722            13002722              Preset                   1                  NA                   
                5929            13007222            13054572              Preset                   1                  NA                   
                5930            13068022            13111522              Preset                   1                  NA                   
                5931            13119222            13159822              Preset                   1                  NA                   
                5932            13222022            13266722              Preset                   1                  NA                   
                5933            13282422            13307822              Preset                   1                  NA                   
                5934            13335472            13364022              Preset                   1                  NA                   
                5935            13378572            13407672              Preset                   1                  NA                   
                5936            14486872            14527172              Preset                   1                  NA                   
                5937            14537872            14553722              Preset                   1                  NA                   
                5938            14564072            14624022              Preset                   1                  NA                   
                5939            14651172            14683072              Preset                   1                  NA                   
                5940            14702872            14728072              Preset                   1                  NA                   
                5941            14797672            14818472              Preset                   1                  NA                   
                5942            14842072            14866222              Preset                   1                  NA                   
                5943            14882472            14913772              Preset                   1                  NA                   
                5944            15826472            15843372              Preset                   1                  NA                   
                5945            15871272            15892372              Preset                   1                  NA                   
                5946            15910222            15935772              Preset                   1                  NA                   
                5947            16002322            16046922              Preset                   1                  NA                   
                5948            16085222            16119072              Preset                   1                  NA                   
                5949            16133222            16177472              Preset                   1                  NA                   
                5950            16188522            16242772              Preset                   1                  NA                   
                5951            16247522            16286522              Preset                   1                  NA                   
                5952            16307222            16332122              Preset                   1                  NA                   
                5953            16349522            16386672              Preset                   1                  NA                   
                5954            16422272            16435472              Preset                   1                  NA                   
                5955            16452822            16501772              Preset                   1                  NA                   
                5956            16518472            16553622              Preset                   1                  NA                   
                5957            16577072            16618122              Preset                   1                  NA                   
                5958            16676572            16712722              Preset                   1                  NA                   
                5959            16721372            16759822              Preset                   1                  NA                   
                5960            16927472            16969322              Preset                   1                  NA                   
                5961            17028322            17067072              Preset                   1                  NA                   
                5962            17081022            17125322              Preset                   1                  NA                   
                5963            17173522            17217872              Preset                   1                  NA                   
                5964            17226522            17278822              Preset                   1                  NA                   
                5965            17323922            17330772              Preset                   1                  NA                   
